dimwishlist:item=507038823&perks=839105230,1885400500,1359896290,2846385770,2697220197
dimwishlist:item=1107446438&perks=839105230,3142289711,247725512,1015611457,384158423
dimwishlist:item=1399243961&perks=1840239774,1687452232,3400784728,1546637391,186337601
dimwishlist:item=1476654960&perks=1926090090,3142289711,588594999,47981717,2697220197
dimwishlist:item=1622998472&perks=202670084,3142289711,2450788523,3038247973,2697220197
dimwishlist:item=1622998472&perks=202670084,3142289711,1168162263,124408337,2697220197
dimwishlist:item=1866778462&perks=3525010810,3796465595,2869569095,3194351027,1154004463
dimwishlist:item=2443900757&perks=1047830412,3142289711,2621346526,1546637391,2697220197
dimwishlist:item=2481758391&perks=1482024992,1885400500,3436462433,3511092054,384158423
dimwishlist:item=2855157553&perks=1047830412,3142289711,4071163871,3511092054,2697220197
dimwishlist:item=3184681056&perks=1047830412,3142289711,706527188,47981717,2697220197
